./220204_normal_timesformer_220215_220221T1755.txt


./work_dirs/_220204/220204_normal_timesformer_divST_4x32x1_15e_kinetics400_rgb_220206T1619
total_data	17817
each_label	8766	7453	569	198	831	
	sens	spec	accu	f1	cls	TP	TN	FN	FP
220215_4_epoch_100_pred.json	99.78	3.73	52.52	68.10	39.74	9031	327	20	8439
220215_4_epoch_20_pred.json	99.57	0.65	50.90	67.32	35.47	9012	57	39	8709
220215_4_epoch_40_pred.json	99.70	2.24	51.75	67.74	41.57	9024	196	27	8570

./work_dirs/_220204/220204_normal_timesformer_divST_6x32x1_15e_kinetics400_rgb_220206T1928
total_data	35183
each_label	29078	5010	417	149	529	
	sens	spec	accu	f1	cls	TP	TN	FN	FP
220215_6_epoch_100_pred.json	98.90	16.68	30.95	33.20	25.54	6038	4851	67	24227
220215_6_epoch_20_pred.json	95.04	33.30	39.15	22.83	37.73	5802	19436	303	38922
220215_6_epoch_40_pred.json	92.68	38.43	43.57	23.73	39.73	5658	22428	447	35930
220215_6_epoch_60_pred.json	99.07	15.81	58.33	70.83	44.43	6048	925	57	4924
220215_6_epoch_80_pred.json	98.92	15.54	23.43	19.66	20.50	6039	9066	66	49292




./work_dirs/_220204/220204_normal_timesformer_jointST_4x32x1_15e_kinetics400_rgb_220207T0633
total_data	17817
each_label	8766	7453	569	198	831	
	sens	spec	accu	f1	cls	TP	TN	FN	FP
220215_4_epoch_100_pred.json	97.19	51.23	74.58	79.53	72.45	8797	4491	254	4275

./work_dirs/_220204/220204_normal_timesformer_jointST_6x32x1_15e_kinetics400_rgb_220207T0932
total_data	35183
each_label	29078	5010	417	149	529	
	sens	spec	accu	f1	cls	TP	TN	FN	FP
220215_6_epoch_100_pred.json	95.90	55.54	62.55	47.05	61.47	5855	16151	250	12927
220215_6_epoch_20_pred.json	39.75	96.63	67.58	55.61	67.27	2427	5652	3678	197
220215_6_epoch_40_pred.json	91.50	55.86	59.23	29.83	58.25	5586	32597	519	25761
220215_6_epoch_60_pred.json	95.81	49.15	57.25	43.75	55.74	5849	14292	256	14786
220215_6_epoch_80_pred.json	94.82	61.25	64.43	33.55	63.92	5789	35744	316	22614







./work_dirs/_220204/220204_normal_timesformer_spaceOnly_4x32x1_220208T1738
total_data	17817
each_label	8766	7453	569	198	831	
	sens	spec	accu	f1	cls	TP	TN	FN	FP
220215_4_epoch_100_pred.json	94.33	86.07	90.27	90.78	89.45	8538	7545	513	1221
220215_4_epoch_20_pred.json	75.84	80.63	78.19	77.94	74.52	6864	7068	2187	1698
220215_4_epoch_40_pred.json	69.55	93.00	81.09	78.88	79.97	6295	8152	2756	614
220215_4_epoch_60_pred.json	93.71	84.84	89.35	89.94	88.44	8482	7437	569	1329
220215_4_epoch_80_pred.json	94.79	85.32	90.13	90.70	89.29	8579	7479	472	1287

./work_dirs/_220204/220204_normal_timesformer_spaceOnly_6x32x1_220208T2107
total_data	35183
each_label	29078	5010	417	149	529	
	sens	spec	accu	f1	cls	TP	TN	FN	FP
220215_6_epoch_100_pred.json	92.38	82.91	84.55	67.48	83.84	5640	24108	465	4970
220215_6_epoch_20_pred.json	0.48	99.14	82.02	0.91	81.97	29	28828	6076	250



