./metric_log/220204_220209_220228T1342.txt
./work_dirs/_220204/220204_normal_timesformer_divST_10x32x1_15e_kinetics400_rgb_220206T0757
total_data	237
each_label	101	26	48	23	39	
	sens	spec	accu	f1	cls	TP	TN	FN	FP
220209_epoch_100_pred.json	94.85	55.45	78.06	83.23	73.42	129	56	7	45
220209_epoch_20_pred.json	88.24	64.36	78.06	82.19	73.42	120	65	16	36
220209_epoch_40_pred.json	92.65	63.37	80.17	84.28	75.53	126	64	10	37
220209_epoch_60_pred.json	97.06	58.42	80.59	85.16	76.37	132	59	4	42
220209_epoch_80_pred.json	94.85	55.45	78.06	83.23	73.00	129	56	7	45
220209_latest_pred.json	94.85	55.45	78.06	83.23	73.42	129	56	7	45

./work_dirs/_220204/220204_normal_timesformer_divST_2x32x1_15e_kinetics400_rgb_220206T1417
total_data	237
each_label	101	26	48	23	39	
	sens	spec	accu	f1	cls	TP	TN	FN	FP
220209_epoch_100_pred.json	90.44	61.39	78.06	82.55	70.46	123	62	13	39
220209_epoch_20_pred.json	0.00	100.00	42.62	0.00	42.62	0	101	136	0
220209_epoch_40_pred.json	38.24	83.17	57.38	50.73	48.52	52	84	84	17
220209_epoch_60_pred.json	55.88	72.28	62.87	63.33	51.90	76	73	60	28
220209_epoch_80_pred.json	75.00	70.30	73.00	76.12	65.40	102	71	34	30
220209_latest_pred.json	90.44	61.39	78.06	82.55	70.46	123	62	13	39
220209_offset_2_epoch_100_pred.json	93.22	46.67	50.50	23.64	49.70	37737	210966	2743	241078
220209_offset_2_test_0_epoch_100_pred.json	57.84	60.05	59.89	17.18	58.61	450	6028	328	4010
220209_offset_2_test_1_epoch_100_pred.json	86.53	39.42	67.65	76.22	54.63	1792	546	279	839
220209_offset_2_test_1_half_epoch_100_pred.json	86.37	38.35	66.80	75.50	54.46	900	275	142	442

./work_dirs/_220204/220204_normal_timesformer_divST_4x32x1_15e_kinetics400_rgb_220206T1619
total_data	237
each_label	101	26	48	23	39	
	sens	spec	accu	f1	cls	TP	TN	FN	FP
220209_epoch_100_pred.json	95.59	47.52	75.11	81.50	67.93	130	48	6	53
220209_epoch_20_pred.json	75.74	51.49	65.40	71.53	52.74	103	52	33	49
220209_epoch_40_pred.json	86.03	48.51	70.04	76.72	58.65	117	49	19	52
220209_epoch_60_pred.json	87.50	55.45	73.84	79.33	67.09	119	56	17	45
220209_epoch_80_pred.json	87.50	62.38	76.79	81.23	70.89	119	63	17	38
220209_latest_pred.json	95.59	47.52	75.11	81.50	67.93	130	48	6	53
220209_offset_4_epoch_100_pred.json	97.39	32.61	39.59	25.78	37.84	42432	117659	1138	243171
220209_offset_4_test_0_epoch_100_pred.json	96.85	38.84	45.53	29.08	44.58	860	2646	28	4166
220209_offset_4_test_1_epoch_100_pred.json	95.56	27.26	55.66	64.18	48.37	474	190	22	507
220209_offset_4_test_1_half_epoch_100_pred.json	95.08	29.79	57.59	65.63	50.44	232	98	12	231

./work_dirs/_220204/220204_normal_timesformer_divST_6x32x1_15e_kinetics400_rgb_220206T1928
total_data	237
each_label	101	26	48	23	39	
	sens	spec	accu	f1	cls	TP	TN	FN	FP
220209_epoch_100_pred.json	97.79	52.48	78.48	83.91	73.84	133	53	3	48
220209_epoch_20_pred.json	86.76	60.40	75.53	80.27	69.62	118	61	18	40
220209_epoch_40_pred.json	92.65	60.40	78.90	83.44	72.15	126	61	10	40
220209_epoch_60_pred.json	97.79	49.50	77.22	83.12	72.57	133	50	3	51
220209_epoch_80_pred.json	97.79	50.50	77.64	83.39	73.00	133	51	3	50
220209_latest_pred.json	97.79	52.48	78.48	83.91	73.84	133	53	3	48
220209_offset_6_test_0_epoch_100_pred.json	86.98	69.69	76.67	75.08	68.82	2492	2945	373	1281
220209_offset_6_test_1_epoch_100_pred.json	83.76	74.40	79.27	80.78	70.44	454	372	88	128
220209_offset_6_test_1_half_epoch_100_pred.json	83.89	74.04	79.55	82.10	70.73	250	174	48	61

./work_dirs/_220204/220204_normal_timesformer_divST_8x32x1_15e_kinetics400_rgb_220205T1706
total_data	237
each_label	101	26	48	23	39	
	sens	spec	accu	f1	cls	TP	TN	FN	FP
220209_epoch_100_pred.json	96.32	62.38	81.86	85.90	77.22	131	63	5	38
220209_epoch_20_pred.json	79.41	80.20	79.75	81.82	73.00	108	81	28	20
220209_epoch_40_pred.json	97.06	55.45	79.32	84.35	72.15	132	56	4	45
220209_epoch_60_pred.json	97.79	59.41	81.43	85.81	76.79	133	60	3	41
220209_epoch_80_pred.json	96.32	61.39	81.43	85.62	76.79	131	62	5	39
220209_latest_pred.json	96.32	62.38	81.86	85.90	77.22	131	63	5	38
220209_offset_8_epoch_100_pred.json	95.38	76.23	77.79	41.20	77.38	9564	86060	463	26840
220209_offset_8_test_1_epoch_100_pred.json	100.00	56.07	76.62	80.00	76.62	94	60	0	47
220209_offset_8_test_1_half_epoch_100_pred.json	100.00	49.09	70.53	74.07	70.53	40	27	0	28

./work_dirs/_220204/220204_normal_timesformer_divST_8x32x1_15e_kinetics400_rgb_220206T2339
total_data	237
each_label	101	26	48	23	39	
	sens	spec	accu	f1	cls	TP	TN	FN	FP
220209_epoch_100_pred.json	94.85	57.43	78.90	83.77	74.68	129	58	7	43
220209_epoch_20_pred.json	66.91	69.31	67.93	70.54	49.37	91	70	45	31
220209_epoch_40_pred.json	82.35	72.28	78.06	81.16	71.73	112	73	24	28
220209_epoch_60_pred.json	92.65	61.39	79.32	83.72	74.26	126	62	10	39
220209_epoch_80_pred.json	94.12	58.42	78.90	83.66	73.84	128	59	8	42
220209_latest_pred.json	94.85	57.43	78.90	83.77	74.68	129	58	7	43
220209_offset_8_test_1_epoch_100_pred.json	98.94	44.86	70.15	75.61	69.65	93	48	1	59
220209_offset_8_test_1_half_epoch_100_pred.json	100.00	40.00	65.26	70.80	65.26	40	22	0	33

./work_dirs/_220204/220204_normal_timesformer_jointST_2x32x1_15e_kinetics400_rgb_220207T0447
total_data	237
each_label	101	26	48	23	39	
	sens	spec	accu	f1	cls	TP	TN	FN	FP
220209_epoch_100_pred.json	83.82	55.45	71.73	77.29	68.35	114	56	22	45
220209_epoch_20_pred.json	19.12	99.01	53.16	31.90	51.90	26	100	110	1
220209_epoch_40_pred.json	62.50	80.20	70.04	70.54	66.67	85	81	51	20
220209_epoch_60_pred.json	77.94	64.36	72.15	76.26	70.04	106	65	30	36
220209_epoch_80_pred.json	83.09	55.45	71.31	76.87	69.20	113	56	23	45
220209_latest_pred.json	83.82	55.45	71.73	77.29	68.35	114	56	22	45
220209_offset_2_test_0_epoch_100_pred.json	79.56	81.20	81.08	37.70	80.80	619	8151	159	1887
220209_offset_2_test_1_epoch_100_pred.json	83.53	75.96	80.50	83.70	75.81	1730	1052	341	333
220209_offset_2_test_1_half_epoch_100_pred.json	84.07	76.85	81.13	84.07	76.24	876	551	166	166

./work_dirs/_220204/220204_normal_timesformer_jointST_4x32x1_15e_kinetics400_rgb_220207T0633
total_data	237
each_label	101	26	48	23	39	
	sens	spec	accu	f1	cls	TP	TN	FN	FP
220209_epoch_100_pred.json	90.44	52.48	74.26	80.13	70.46	123	53	13	48
220209_epoch_20_pred.json	43.38	91.09	63.71	57.84	61.60	59	92	77	9
220209_epoch_40_pred.json	83.82	65.35	75.95	80.00	72.57	114	66	22	35
220209_epoch_60_pred.json	91.91	57.43	77.22	82.24	74.26	125	58	11	43
220209_epoch_80_pred.json	89.71	55.45	75.11	80.53	71.73	122	56	14	45
220209_latest_pred.json	90.44	52.48	74.26	80.13	70.46	123	53	13	48
220209_offset_4_test_0_epoch_100_pred.json	94.37	77.52	79.47	51.46	78.91	838	5281	50	1531
220209_offset_4_test_1_epoch_100_pred.json	94.56	60.98	74.94	75.83	73.85	469	425	27	272
220209_offset_4_test_1_half_epoch_100_pred.json	95.08	60.79	75.39	76.69	73.65	232	200	12	129

./work_dirs/_220204/220204_normal_timesformer_jointST_6x32x1_15e_kinetics400_rgb_220207T0932
total_data	237
each_label	101	26	48	23	39	
	sens	spec	accu	f1	cls	TP	TN	FN	FP
220209_epoch_100_pred.json	86.76	53.47	72.57	78.41	67.93	118	54	18	47
220209_epoch_20_pred.json	11.76	93.07	46.41	20.13	46.41	16	94	120	7
220209_epoch_40_pred.json	87.50	55.45	73.84	79.33	69.62	119	56	17	45
220209_epoch_60_pred.json	89.71	51.49	73.42	79.48	68.35	122	52	14	49
220209_epoch_80_pred.json	84.56	57.43	73.00	78.23	68.78	115	58	21	43
220209_latest_pred.json	86.76	53.47	72.57	78.41	67.93	118	54	18	47
220209_offset_6_test_0_epoch_100_pred.json	77.59	67.18	71.39	68.66	65.58	2223	2839	642	1387
220209_offset_6_test_1_epoch_100_pred.json	74.91	74.40	74.66	75.46	66.31	406	372	136	128
220209_offset_6_test_1_half_epoch_100_pred.json	73.83	75.32	74.48	76.39	65.10	220	177	78	58

./work_dirs/_220204/220204_normal_timesformer_jointST_8x32x1_15e_kinetics400_rgb_220205T2217
total_data	237
each_label	101	26	48	23	39	
	sens	spec	accu	f1	cls	TP	TN	FN	FP
220209_epoch_100_pred.json	54.41	82.18	66.24	64.91	63.71	74	83	62	18
220209_epoch_20_pred.json	0.74	100.00	43.04	1.46	43.04	1	101	135	0
220209_epoch_40_pred.json	0.74	100.00	43.04	1.46	43.04	1	101	135	0
220209_epoch_60_pred.json	4.41	100.00	45.15	8.45	45.15	6	101	130	0
220209_epoch_80_pred.json	24.26	85.15	50.21	35.87	49.37	33	86	103	15
220209_latest_pred.json	54.41	82.18	66.24	64.91	63.71	74	83	62	18
220209_offset_8_test_1_epoch_100_pred.json	69.15	80.37	75.12	72.22	75.12	65	86	29	21
220209_offset_8_test_1_half_epoch_100_pred.json	67.50	83.64	76.84	71.05	76.84	27	46	13	9

./work_dirs/_220204/220204_normal_timesformer_jointST_8x32x1_15e_kinetics400_rgb_220207T1357
total_data	237
each_label	101	26	48	23	39	
	sens	spec	accu	f1	cls	TP	TN	FN	FP
220209_epoch_100_pred.json	83.82	63.37	75.11	79.44	69.20	114	64	22	37
220209_epoch_20_pred.json	0.00	100.00	42.62	0.00	42.62	0	101	136	0
220209_epoch_40_pred.json	0.74	100.00	43.04	1.46	43.04	1	101	135	0
220209_epoch_60_pred.json	54.41	65.35	59.07	60.41	49.37	74	66	62	35
220209_epoch_80_pred.json	78.68	54.46	68.35	74.05	62.45	107	55	29	46
220209_latest_pred.json	83.82	63.37	75.11	79.44	69.20	114	64	22	37
220209_offset_8_test_1_epoch_100_pred.json	98.94	63.55	80.10	82.30	80.10	93	68	1	39
220209_offset_8_test_1_half_epoch_100_pred.json	100.00	60.00	76.84	78.43	76.84	40	33	0	22

./work_dirs/_220204/220204_normal_timesformer_spaceOnly_10x32x1_220208T0011
total_data	237
each_label	101	26	48	23	39	
	sens	spec	accu	f1	cls	TP	TN	FN	FP
220209_epoch_100_pred.json	91.18	58.42	77.22	82.12	72.15	124	59	12	42
220209_epoch_20_pred.json	68.38	82.18	74.26	75.30	67.93	93	83	43	18
220209_epoch_40_pred.json	81.62	79.21	80.59	82.84	76.79	111	80	25	21
220209_epoch_60_pred.json	90.44	59.41	77.22	82.00	72.57	123	60	13	41
220209_epoch_80_pred.json	91.18	59.41	77.64	82.39	72.57	124	60	12	41
220209_latest_pred.json	91.18	58.42	77.22	82.12	72.15	124	59	12	42

./work_dirs/_220204/220204_normal_timesformer_spaceOnly_12x32x1_220208T0437
total_data	237
each_label	101	26	48	23	39	
	sens	spec	accu	f1	cls	TP	TN	FN	FP
220209_epoch_100_pred.json	90.44	61.39	78.06	82.55	76.37	123	62	13	39
220209_epoch_20_pred.json	69.12	82.18	74.68	75.81	65.40	94	83	42	18
220209_epoch_40_pred.json	87.50	76.24	82.70	85.30	80.17	119	77	17	24
220209_epoch_60_pred.json	90.44	63.37	78.90	83.11	76.79	123	64	13	37
220209_epoch_80_pred.json	91.18	59.41	77.64	82.39	75.95	124	60	12	41
220209_latest_pred.json	90.44	61.39	78.06	82.55	76.37	123	62	13	39

./work_dirs/_220204/220204_normal_timesformer_spaceOnly_14x32x1_220208T0939
total_data	237
each_label	101	26	48	23	39	
	sens	spec	accu	f1	cls	TP	TN	FN	FP
220209_epoch_100_pred.json	90.44	65.35	79.75	83.67	77.64	123	66	13	35
220209_epoch_20_pred.json	88.24	71.29	81.01	84.21	78.90	120	72	16	29
220209_epoch_40_pred.json	68.38	88.12	76.79	77.18	75.11	93	89	43	12
220209_epoch_60_pred.json	88.97	68.32	80.17	83.74	78.48	121	69	15	32
220209_epoch_80_pred.json	90.44	69.31	81.43	84.83	79.32	123	70	13	31
220209_latest_pred.json	90.44	65.35	79.75	83.67	77.64	123	66	13	35

./work_dirs/_220204/220204_normal_timesformer_spaceOnly_2x32x1_220208T1528
total_data	237
each_label	101	26	48	23	39	
	sens	spec	accu	f1	cls	TP	TN	FN	FP
220209_epoch_100_pred.json	87.50	49.50	71.31	77.78	68.35	119	50	17	51
220209_epoch_20_pred.json	77.94	64.36	72.15	76.26	70.04	106	65	30	36
220209_epoch_40_pred.json	87.50	61.39	76.37	80.95	74.68	119	62	17	39
220209_epoch_60_pred.json	86.76	52.48	72.15	78.15	69.62	118	53	18	48
220209_epoch_80_pred.json	88.24	49.50	71.73	78.18	68.78	120	50	16	51
220209_latest_pred.json	87.50	49.50	71.31	77.78	68.35	119	50	17	51
220209_offset_2_test_0_epoch_100_pred.json	88.82	81.47	82.00	41.51	81.87	691	8178	87	1860
220209_offset_2_test_1_epoch_100_pred.json	89.04	81.08	85.85	88.29	80.70	1844	1123	227	262
220209_offset_2_test_1_half_epoch_100_pred.json	89.16	81.31	85.96	88.27	80.67	929	583	113	134

./work_dirs/_220204/220204_normal_timesformer_spaceOnly_4x32x1_220208T1738
total_data	237
each_label	101	26	48	23	39	
	sens	spec	accu	f1	cls	TP	TN	FN	FP
220209_epoch_100_pred.json	86.03	61.39	75.53	80.14	72.57	117	62	19	39
220209_epoch_20_pred.json	74.26	70.30	72.57	75.66	68.78	101	71	35	30
220209_epoch_40_pred.json	80.15	81.19	80.59	82.58	77.22	109	82	27	19
220209_epoch_60_pred.json	87.50	59.41	75.53	80.41	70.89	119	60	17	41
220209_epoch_80_pred.json	85.29	61.39	75.11	79.73	73.00	116	62	20	39
220209_latest_pred.json	86.03	61.39	75.53	80.14	72.57	117	62	19	39
220209_offset_4_epoch_100_pred.json	95.16	87.75	88.36	57.28	88.23	19208	198263	976	27676
220209_offset_4_test_0_epoch_100_pred.json	94.26	92.31	92.53	74.43	92.06	837	6288	51	524
220209_offset_4_test_1_epoch_100_pred.json	91.53	81.21	85.50	84.00	84.83	454	566	42	131
220209_offset_4_test_1_half_epoch_100_pred.json	89.75	80.55	84.47	83.11	83.94	219	265	25	64
220209_test_2_offset_4_half_epoch_100_pred.json	95.91	75.62	76.04	14.06	75.96	469	17724	20	5713

./work_dirs/_220204/220204_normal_timesformer_spaceOnly_6x32x1_220208T2107
total_data	237
each_label	101	26	48	23	39	
	sens	spec	accu	f1	cls	TP	TN	FN	FP
220209_epoch_100_pred.json	83.82	61.39	74.26	78.89	70.04	114	62	22	39
220209_epoch_20_pred.json	3.68	99.01	44.30	7.04	44.30	5	100	131	1
220209_epoch_40_pred.json	64.71	75.25	69.20	70.68	62.87	88	76	48	25
220209_epoch_60_pred.json	75.00	62.38	69.62	73.91	66.24	102	63	34	38
220209_epoch_80_pred.json	81.62	67.33	75.53	79.29	71.31	111	68	25	33
220209_latest_pred.json	83.82	61.39	74.26	78.89	70.04	114	62	22	39
220209_offset_6_epoch_100_pred.json	92.59	86.85	87.32	54.43	86.89	12415	130786	993	19795
220209_offset_6_test_0_epoch_100_pred.json	84.05	82.37	83.05	80.03	77.04	2408	3481	457	745
220209_offset_6_test_1_epoch_100_pred.json	78.78	86.20	82.34	82.27	74.38	427	431	115	69
220209_offset_6_test_1_half_epoch_100_pred.json	76.51	84.68	80.11	81.14	71.48	228	199	70	36

./work_dirs/_220204/220204_normal_timesformer_spaceOnly_8x32x1_15e_kinetics400_rgb_220206T0432
total_data	237
each_label	101	26	48	23	39	
	sens	spec	accu	f1	cls	TP	TN	FN	FP
220209_epoch_100_pred.json	90.44	59.41	77.22	82.00	74.68	123	60	13	41
220209_epoch_20_pred.json	92.65	60.40	78.90	83.44	75.53	126	61	10	40
220209_epoch_40_pred.json	87.50	74.26	81.86	84.70	79.75	119	75	17	26
220209_epoch_60_pred.json	89.71	62.38	78.06	82.43	75.53	122	63	14	38
220209_epoch_80_pred.json	90.44	58.42	76.79	81.73	74.26	123	59	13	42
220209_latest_pred.json	90.44	59.41	77.22	82.00	74.68	123	60	13	41
220209_offset_8_epoch_100_pred.json	96.17	88.18	89.04	65.30	88.96	20819	158869	828	21299
220209_offset_8_test_1_epoch_100_pred.json	100.00	75.70	87.06	87.85	87.06	94	81	0	26
220209_offset_8_test_1_half_epoch_100_pred.json	100.00	70.91	83.16	83.33	83.16	40	39	0	16

./work_dirs/_220204/220204_normal_timesformer_spaceOnly_8x32x1_220208T2356
total_data	237
each_label	101	26	48	23	39	
	sens	spec	accu	f1	cls	TP	TN	FN	FP
220209_epoch_100_pred.json	91.91	54.46	75.95	81.43	72.57	125	55	11	46
220209_epoch_20_pred.json	91.18	58.42	77.22	82.12	73.42	124	59	12	42
220209_epoch_40_pred.json	88.24	63.37	77.64	81.91	73.00	120	64	16	37
220209_epoch_60_pred.json	91.91	59.41	78.06	82.78	74.68	125	60	11	41
220209_epoch_80_pred.json	91.91	55.45	76.37	81.70	73.00	125	56	11	45
220209_latest_pred.json	91.91	54.46	75.95	81.43	72.57	125	55	11	46
220209_offset_8_epoch_100_pred.json	97.07	87.17	88.23	63.89	88.13	21012	157050	635	23118
220209_offset_8_test_1_epoch_100_pred.json	98.94	70.09	83.58	84.93	83.58	93	75	1	32
220209_offset_8_test_1_half_epoch_100_pred.json	100.00	65.45	80.00	80.81	80.00	40	36	0	19

