./220204_normal_timesformer_220221T1514.txt
./work_dirs/_220204/220204_normal_timesformer_divST_10x32x1_15e_kinetics400_rgb_220206T0757
total_data	237
each_label	101	26	48	23	39	
	sens	spec	accu	f1	cls	TP	TN	FN	FP
220209_epoch_100_pred.json	94.85	55.45	78.06	83.23	73.42	129	56	7	45
220209_epoch_20_pred.json	88.24	64.36	78.06	82.19	73.42	120	65	16	36
220209_epoch_40_pred.json	92.65	63.37	80.17	84.28	75.53	126	64	10	37
220209_epoch_60_pred.json	97.06	58.42	80.59	85.16	76.37	132	59	4	42
220209_epoch_80_pred.json	94.85	55.45	78.06	83.23	73.00	129	56	7	45
220209_latest_pred.json	94.85	55.45	78.06	83.23	73.42	129	56	7	45
epoch_100_pred.json	89.66	91.89	91.06	88.14	87.66	78	136	9	12
epoch_20_pred.json	83.91	91.89	88.94	84.88	86.38	73	136	14	12
epoch_40_pred.json	89.66	92.57	91.49	88.64	88.51	78	137	9	11
epoch_60_pred.json	91.95	91.89	91.91	89.39	89.79	80	136	7	12
epoch_80_pred.json	89.66	92.57	91.49	88.64	88.09	78	137	9	11
last_pred.json	89.66	91.89	91.06	88.14	87.66	78	136	9	12
latest_pred.json	89.66	91.89	91.06	88.14	87.66	78	136	9	12

./work_dirs/_220204/220204_normal_timesformer_divST_2x32x1_15e_kinetics400_rgb_220206T1417
total_data	237
each_label	101	26	48	23	39	
	sens	spec	accu	f1	cls	TP	TN	FN	FP
220209_epoch_100_pred.json	90.44	61.39	78.06	82.55	70.46	123	62	13	39
220209_epoch_20_pred.json	0.00	100.00	42.62	0.00	42.62	0	101	136	0
220209_epoch_40_pred.json	38.24	83.17	57.38	50.73	48.52	52	84	84	17
220209_epoch_60_pred.json	55.88	72.28	62.87	63.33	51.90	76	73	60	28
220209_epoch_80_pred.json	75.00	70.30	73.00	76.12	65.40	102	71	34	30
220209_latest_pred.json	90.44	61.39	78.06	82.55	70.46	123	62	13	39
220209_offset_2_epoch_100_pred.json	93.22	46.67	50.50	23.64	49.70	37737	210966	2743	241078
220209_offset_2_test_0_epoch_100_pred.json	57.84	60.05	59.89	17.18	58.61	450	6028	328	4010
220209_offset_2_test_1_epoch_100_pred.json	86.53	39.42	67.65	76.22	54.63	1792	546	279	839
epoch_100_pred.json	77.01	83.78	81.28	75.28	73.19	67	124	20	24
epoch_20_pred.json	0.00	100.00	62.98	0.00	62.98	0	148	87	0
epoch_40_pred.json	16.09	99.32	68.51	27.45	65.96	14	147	73	1
epoch_60_pred.json	29.89	94.59	70.64	42.98	64.26	26	140	61	8
epoch_80_pred.json	62.07	89.19	79.15	68.79	72.34	54	132	33	16
last_pred.json	77.01	83.78	81.28	75.28	73.19	67	124	20	24
latest_pred.json	77.01	83.78	81.28	75.28	73.19	67	124	20	24

./work_dirs/_220204/220204_normal_timesformer_divST_4x32x1_15e_kinetics400_rgb_220206T1619
total_data	237
each_label	101	26	48	23	39	
	sens	spec	accu	f1	cls	TP	TN	FN	FP
220209_epoch_100_pred.json	95.59	47.52	75.11	81.50	67.93	130	48	6	53
220209_epoch_20_pred.json	75.74	51.49	65.40	71.53	52.74	103	52	33	49
220209_epoch_40_pred.json	86.03	48.51	70.04	76.72	58.65	117	49	19	52
220209_epoch_60_pred.json	87.50	55.45	73.84	79.33	67.09	119	56	17	45
220209_epoch_80_pred.json	87.50	62.38	76.79	81.23	70.89	119	63	17	38
220209_latest_pred.json	95.59	47.52	75.11	81.50	67.93	130	48	6	53
220209_offset_4_test_0_epoch_100_pred.json	96.85	38.84	45.53	29.08	44.58	860	2646	28	4166
220209_offset_4_test_1_epoch_100_pred.json	95.56	27.26	55.66	64.18	48.37	474	190	22	507
220215_4_epoch_100_pred.json	99.78	3.73	52.52	68.10	39.74	9031	327	20	8439
220215_4_epoch_20_pred.json	99.57	0.65	50.90	67.32	35.47	9012	57	39	8709
220215_4_epoch_40_pred.json	99.70	2.24	51.75	67.74	41.57	9024	196	27	8570
epoch_100_pred.json	83.91	83.11	83.40	78.92	76.60	73	123	14	25
epoch_20_pred.json	74.71	68.24	70.64	65.33	57.45	65	101	22	47
epoch_40_pred.json	81.61	70.95	74.89	70.65	63.83	71	105	16	43
epoch_60_pred.json	80.46	83.78	82.55	77.35	76.60	70	124	17	24
epoch_80_pred.json	71.26	91.89	84.26	77.02	79.57	62	136	25	12
last_pred.json	83.91	83.11	83.40	78.92	76.60	73	123	14	25
latest_pred.json	83.91	83.11	83.40	78.92	76.60	73	123	14	25

./work_dirs/_220204/220204_normal_timesformer_divST_6x32x1_15e_kinetics400_rgb_220206T1928
total_data	237
each_label	101	26	48	23	39	
	sens	spec	accu	f1	cls	TP	TN	FN	FP
220209_epoch_100_pred.json	97.79	52.48	78.48	83.91	73.84	133	53	3	48
220209_epoch_20_pred.json	86.76	60.40	75.53	80.27	69.62	118	61	18	40
220209_epoch_40_pred.json	92.65	60.40	78.90	83.44	72.15	126	61	10	40
220209_epoch_60_pred.json	97.79	49.50	77.22	83.12	72.57	133	50	3	51
220209_epoch_80_pred.json	97.79	50.50	77.64	83.39	73.00	133	51	3	50
220209_latest_pred.json	97.79	52.48	78.48	83.91	73.84	133	53	3	48
220209_offset_6_test_0_epoch_100_pred.json	86.98	69.69	76.67	75.08	68.82	2492	2945	373	1281
220209_offset_6_test_1_epoch_100_pred.json	83.76	74.40	79.27	80.78	70.44	454	372	88	128
220215_6_epoch_100_pred.json	98.90	16.68	30.95	33.20	25.54	6038	4851	67	24227
220215_6_epoch_20_pred.json	95.04	33.30	39.15	22.83	37.73	5802	19436	303	38922
220215_6_epoch_40_pred.json	92.68	38.43	43.57	23.73	39.73	5658	22428	447	35930
220215_6_epoch_60_pred.json	99.07	15.81	58.33	70.83	44.43	6048	925	57	4924
220215_6_epoch_80_pred.json	98.92	15.54	23.43	19.66	20.50	6039	9066	66	49292
epoch_100_pred.json	88.51	91.89	90.64	87.50	86.81	77	136	10	12
epoch_20_pred.json	73.56	89.86	83.83	77.11	82.13	64	133	23	15
epoch_40_pred.json	81.61	89.19	86.38	81.61	81.70	71	132	16	16
epoch_60_pred.json	89.66	89.19	89.36	86.19	85.53	78	132	9	16
epoch_80_pred.json	88.51	91.22	90.21	87.01	86.38	77	135	10	13
last_pred.json	88.51	91.89	90.64	87.50	86.81	77	136	10	12
latest_pred.json	88.51	91.89	90.64	87.50	86.81	77	136	10	12

./work_dirs/_220204/220204_normal_timesformer_divST_8x32x1_15e_kinetics400_rgb_220205T1706
total_data	237
each_label	101	26	48	23	39	
	sens	spec	accu	f1	cls	TP	TN	FN	FP
220209_epoch_100_pred.json	96.32	62.38	81.86	85.90	77.22	131	63	5	38
220209_epoch_20_pred.json	79.41	80.20	79.75	81.82	73.00	108	81	28	20
220209_epoch_40_pred.json	97.06	55.45	79.32	84.35	72.15	132	56	4	45
220209_epoch_60_pred.json	97.79	59.41	81.43	85.81	76.79	133	60	3	41
220209_epoch_80_pred.json	96.32	61.39	81.43	85.62	76.79	131	62	5	39
220209_latest_pred.json	96.32	62.38	81.86	85.90	77.22	131	63	5	38
220209_offset_8_epoch_100_pred.json	95.38	76.23	77.79	41.20	77.38	9564	86060	463	26840
epoch_100_pred.json	88.51	91.22	90.21	87.01	87.23	77	135	10	13
epoch_20_pred.json	68.97	97.30	86.81	79.47	83.83	60	144	27	4
epoch_40_pred.json	89.66	86.49	87.66	84.32	82.98	78	128	9	20
epoch_60_pred.json	89.66	89.19	89.36	86.19	86.38	78	132	9	16
epoch_80_pred.json	88.51	86.49	87.23	83.70	84.26	77	128	10	20
last_pred.json	88.51	91.22	90.21	87.01	87.23	77	135	10	13
latest_pred.json	88.51	91.22	90.21	87.01	87.23	77	135	10	13

./work_dirs/_220204/220204_normal_timesformer_divST_8x32x1_15e_kinetics400_rgb_220206T2339
total_data	237
each_label	101	26	48	23	39	
	sens	spec	accu	f1	cls	TP	TN	FN	FP
220209_epoch_100_pred.json	94.85	57.43	78.90	83.77	74.68	129	58	7	43
220209_epoch_20_pred.json	66.91	69.31	67.93	70.54	49.37	91	70	45	31
220209_epoch_40_pred.json	82.35	72.28	78.06	81.16	71.73	112	73	24	28
220209_epoch_60_pred.json	92.65	61.39	79.32	83.72	74.26	126	62	10	39
220209_epoch_80_pred.json	94.12	58.42	78.90	83.66	73.84	128	59	8	42
220209_latest_pred.json	94.85	57.43	78.90	83.77	74.68	129	58	7	43
epoch_100_pred.json	83.91	87.16	85.96	81.56	79.57	73	129	14	19
epoch_20_pred.json	59.77	81.76	73.62	62.65	64.26	52	121	35	27
epoch_40_pred.json	73.56	91.89	85.11	78.53	77.87	64	136	23	12
epoch_60_pred.json	81.61	91.22	87.66	83.04	80.43	71	135	16	13
epoch_80_pred.json	83.91	88.51	86.81	82.49	80.85	73	131	14	17
last_pred.json	83.91	87.16	85.96	81.56	79.57	73	129	14	19
latest_pred.json	83.91	87.16	85.96	81.56	79.57	73	129	14	19

./work_dirs/_220204/220204_normal_timesformer_jointST_2x32x1_15e_kinetics400_rgb_220207T0447
total_data	237
each_label	101	26	48	23	39	
	sens	spec	accu	f1	cls	TP	TN	FN	FP
220209_epoch_100_pred.json	83.82	55.45	71.73	77.29	68.35	114	56	22	45
220209_epoch_20_pred.json	19.12	99.01	53.16	31.90	51.90	26	100	110	1
220209_epoch_40_pred.json	62.50	80.20	70.04	70.54	66.67	85	81	51	20
220209_epoch_60_pred.json	77.94	64.36	72.15	76.26	70.04	106	65	30	36
220209_epoch_80_pred.json	83.09	55.45	71.31	76.87	69.20	113	56	23	45
220209_latest_pred.json	83.82	55.45	71.73	77.29	68.35	114	56	22	45
220209_offset_2_test_0_epoch_100_pred.json	79.56	81.20	81.08	37.70	80.80	619	8151	159	1887
220209_offset_2_test_1_epoch_100_pred.json	83.53	75.96	80.50	83.70	75.81	1730	1052	341	333
epoch_100_pred.json	71.26	87.16	81.28	73.81	78.30	62	129	25	19
epoch_20_pred.json	12.64	98.65	66.81	22.00	65.96	11	146	76	2
epoch_40_pred.json	60.92	95.27	82.55	72.11	78.72	53	141	34	7
epoch_60_pred.json	71.26	88.51	82.13	74.70	80.43	62	131	25	17
epoch_80_pred.json	73.56	85.14	80.85	73.99	78.72	64	126	23	22
last_pred.json	71.26	87.16	81.28	73.81	78.30	62	129	25	19
latest_pred.json	71.26	87.16	81.28	73.81	78.30	62	129	25	19

./work_dirs/_220204/220204_normal_timesformer_jointST_4x32x1_15e_kinetics400_rgb_220207T0633
total_data	237
each_label	101	26	48	23	39	
	sens	spec	accu	f1	cls	TP	TN	FN	FP
220209_epoch_100_pred.json	90.44	52.48	74.26	80.13	70.46	123	53	13	48
220209_epoch_20_pred.json	43.38	91.09	63.71	57.84	61.60	59	92	77	9
220209_epoch_40_pred.json	83.82	65.35	75.95	80.00	72.57	114	66	22	35
220209_epoch_60_pred.json	91.91	57.43	77.22	82.24	74.26	125	58	11	43
220209_epoch_80_pred.json	89.71	55.45	75.11	80.53	71.73	122	56	14	45
220209_latest_pred.json	90.44	52.48	74.26	80.13	70.46	123	53	13	48
220209_offset_4_test_0_epoch_100_pred.json	94.37	77.52	79.47	51.46	78.91	838	5281	50	1531
220209_offset_4_test_1_epoch_100_pred.json	94.56	60.98	74.94	75.83	73.85	469	425	27	272
220215_4_epoch_100_pred.json	97.19	51.23	74.58	79.53	72.45	8797	4491	254	4275
epoch_100_pred.json	75.86	86.49	82.55	76.30	81.28	66	128	21	20
epoch_20_pred.json	43.68	99.32	78.72	60.32	76.17	38	147	49	1
epoch_40_pred.json	71.26	91.22	83.83	76.54	81.28	62	135	25	13
epoch_60_pred.json	77.01	86.49	82.98	77.01	81.28	67	128	20	20
epoch_80_pred.json	74.71	88.51	83.40	76.92	81.70	65	131	22	17
last_pred.json	75.86	86.49	82.55	76.30	81.28	66	128	21	20
latest_pred.json	75.86	86.49	82.55	76.30	81.28	66	128	21	20

./work_dirs/_220204/220204_normal_timesformer_jointST_6x32x1_15e_kinetics400_rgb_220207T0932
total_data	237
each_label	101	26	48	23	39	
	sens	spec	accu	f1	cls	TP	TN	FN	FP
220209_epoch_100_pred.json	86.76	53.47	72.57	78.41	67.93	118	54	18	47
220209_epoch_20_pred.json	11.76	93.07	46.41	20.13	46.41	16	94	120	7
220209_epoch_40_pred.json	87.50	55.45	73.84	79.33	69.62	119	56	17	45
220209_epoch_60_pred.json	89.71	51.49	73.42	79.48	68.35	122	52	14	49
220209_epoch_80_pred.json	84.56	57.43	73.00	78.23	68.78	115	58	21	43
220209_latest_pred.json	86.76	53.47	72.57	78.41	67.93	118	54	18	47
220209_offset_6_test_0_epoch_100_pred.json	77.59	67.18	71.39	68.66	65.58	2223	2839	642	1387
220209_offset_6_test_1_epoch_100_pred.json	74.91	74.40	74.66	75.46	66.31	406	372	136	128
220215_6_epoch_100_pred.json	95.90	55.54	62.55	47.05	61.47	5855	16151	250	12927
220215_6_epoch_20_pred.json	39.75	96.63	67.58	55.61	67.27	2427	5652	3678	197
220215_6_epoch_40_pred.json	91.50	55.86	59.23	29.83	58.25	5586	32597	519	25761
220215_6_epoch_60_pred.json	95.81	49.15	57.25	43.75	55.74	5849	14292	256	14786
220215_6_epoch_80_pred.json	94.82	61.25	64.43	33.55	63.92	5789	35744	316	22614
epoch_100_pred.json	77.01	87.16	83.40	77.46	81.28	67	129	20	19
epoch_20_pred.json	11.49	100.00	67.23	20.62	67.23	10	148	77	0
epoch_40_pred.json	75.86	85.81	82.13	75.86	78.30	66	127	21	21
epoch_60_pred.json	75.86	82.43	80.00	73.74	77.87	66	122	21	26
epoch_80_pred.json	70.11	88.51	81.70	73.94	78.72	61	131	26	17
last_pred.json	77.01	87.16	83.40	77.46	81.28	67	129	20	19
latest_pred.json	77.01	87.16	83.40	77.46	81.28	67	129	20	19

./work_dirs/_220204/220204_normal_timesformer_jointST_8x32x1_15e_kinetics400_rgb_220205T2217
total_data	237
each_label	101	26	48	23	39	
	sens	spec	accu	f1	cls	TP	TN	FN	FP
220209_epoch_100_pred.json	54.41	82.18	66.24	64.91	63.71	74	83	62	18
220209_epoch_20_pred.json	0.74	100.00	43.04	1.46	43.04	1	101	135	0
220209_epoch_40_pred.json	0.74	100.00	43.04	1.46	43.04	1	101	135	0
220209_epoch_60_pred.json	4.41	100.00	45.15	8.45	45.15	6	101	130	0
220209_epoch_80_pred.json	24.26	85.15	50.21	35.87	49.37	33	86	103	15
220209_latest_pred.json	54.41	82.18	66.24	64.91	63.71	74	83	62	18
epoch_100_pred.json	35.63	87.84	68.51	45.59	66.81	31	130	56	18
epoch_20_pred.json	0.00	100.00	62.98	0.00	62.98	0	148	87	0
epoch_40_pred.json	0.00	100.00	62.98	0.00	62.98	0	148	87	0
epoch_60_pred.json	1.15	98.65	62.55	2.22	62.55	1	146	86	2
epoch_80_pred.json	12.64	96.62	65.53	21.36	64.68	11	143	76	5
last_pred.json	35.63	87.84	68.51	45.59	66.81	31	130	56	18
latest_pred.json	35.63	87.84	68.51	45.59	66.81	31	130	56	18

./work_dirs/_220204/220204_normal_timesformer_jointST_8x32x1_15e_kinetics400_rgb_220207T1357
total_data	237
each_label	101	26	48	23	39	
	sens	spec	accu	f1	cls	TP	TN	FN	FP
220209_epoch_100_pred.json	83.82	63.37	75.11	79.44	69.20	114	64	22	37
220209_epoch_20_pred.json	0.00	100.00	42.62	0.00	42.62	0	101	136	0
220209_epoch_40_pred.json	0.74	100.00	43.04	1.46	43.04	1	101	135	0
220209_epoch_60_pred.json	54.41	65.35	59.07	60.41	49.37	74	66	62	35
220209_epoch_80_pred.json	78.68	54.46	68.35	74.05	62.45	107	55	29	46
220209_latest_pred.json	83.82	63.37	75.11	79.44	69.20	114	64	22	37
epoch_100_pred.json	66.67	91.89	82.55	73.89	79.15	58	136	29	12
epoch_20_pred.json	0.00	100.00	62.98	0.00	62.98	0	148	87	0
epoch_40_pred.json	0.00	100.00	62.98	0.00	62.98	0	148	87	0
epoch_60_pred.json	45.98	72.97	62.98	47.90	55.74	40	108	47	40
epoch_80_pred.json	66.67	85.81	78.72	69.88	74.04	58	127	29	21
last_pred.json	66.67	91.89	82.55	73.89	79.15	58	136	29	12
latest_pred.json	66.67	91.89	82.55	73.89	79.15	58	136	29	12

./work_dirs/_220204/220204_normal_timesformer_spaceOnly_10x32x1_220208T0011
total_data	237
each_label	101	26	48	23	39	
	sens	spec	accu	f1	cls	TP	TN	FN	FP
220209_epoch_100_pred.json	91.18	58.42	77.22	82.12	72.15	124	59	12	42
220209_epoch_20_pred.json	68.38	82.18	74.26	75.30	67.93	93	83	43	18
220209_epoch_40_pred.json	81.62	79.21	80.59	82.84	76.79	111	80	25	21
220209_epoch_60_pred.json	90.44	59.41	77.22	82.00	72.57	123	60	13	41
220209_epoch_80_pred.json	91.18	59.41	77.64	82.39	72.57	124	60	12	41
220209_latest_pred.json	91.18	58.42	77.22	82.12	72.15	124	59	12	42
epoch_100_pred.json	85.06	93.24	90.21	86.55	87.66	74	138	13	10
epoch_20_pred.json	64.37	98.65	85.96	77.24	81.70	56	146	31	2
epoch_40_pred.json	77.01	96.62	89.36	84.28	87.23	67	143	20	5
epoch_60_pred.json	87.36	94.59	91.91	88.89	89.79	76	140	11	8
epoch_80_pred.json	83.91	93.92	90.21	86.39	88.09	73	139	14	9
last_pred.json	85.06	93.24	90.21	86.55	87.66	74	138	13	10
latest_pred.json	85.06	93.24	90.21	86.55	87.66	74	138	13	10

./work_dirs/_220204/220204_normal_timesformer_spaceOnly_12x32x1_220208T0437
total_data	237
each_label	101	26	48	23	39	
	sens	spec	accu	f1	cls	TP	TN	FN	FP
220209_epoch_100_pred.json	90.44	61.39	78.06	82.55	76.37	123	62	13	39
220209_epoch_20_pred.json	69.12	82.18	74.68	75.81	65.40	94	83	42	18
220209_epoch_40_pred.json	87.50	76.24	82.70	85.30	80.17	119	77	17	24
220209_epoch_60_pred.json	90.44	63.37	78.90	83.11	76.79	123	64	13	37
220209_epoch_80_pred.json	91.18	59.41	77.64	82.39	75.95	124	60	12	41
220209_latest_pred.json	90.44	61.39	78.06	82.55	76.37	123	62	13	39
epoch_100_pred.json	86.21	92.57	90.21	86.71	88.94	75	137	12	11
epoch_20_pred.json	73.56	99.32	89.79	84.21	78.30	64	147	23	1
epoch_40_pred.json	75.86	95.27	88.09	82.50	86.38	66	141	21	7
epoch_60_pred.json	86.21	91.89	89.79	86.21	88.51	75	136	12	12
epoch_80_pred.json	88.51	92.57	91.06	88.00	89.79	77	137	10	11
last_pred.json	86.21	92.57	90.21	86.71	88.94	75	137	12	11
latest_pred.json	86.21	92.57	90.21	86.71	88.94	75	137	12	11

./work_dirs/_220204/220204_normal_timesformer_spaceOnly_14x32x1_220208T0939
total_data	237
each_label	101	26	48	23	39	
	sens	spec	accu	f1	cls	TP	TN	FN	FP
220209_epoch_100_pred.json	90.44	65.35	79.75	83.67	77.64	123	66	13	35
220209_epoch_20_pred.json	88.24	71.29	81.01	84.21	78.90	120	72	16	29
220209_epoch_40_pred.json	68.38	88.12	76.79	77.18	75.11	93	89	43	12
220209_epoch_60_pred.json	88.97	68.32	80.17	83.74	78.48	121	69	15	32
220209_epoch_80_pred.json	90.44	69.31	81.43	84.83	79.32	123	70	13	31
220209_latest_pred.json	90.44	65.35	79.75	83.67	77.64	123	66	13	35
epoch_100_pred.json	85.06	91.22	88.94	85.06	86.81	74	135	13	13
epoch_20_pred.json	81.61	92.57	88.51	84.02	85.96	71	137	16	11
epoch_40_pred.json	60.92	98.65	84.68	74.65	83.40	53	146	34	2
epoch_60_pred.json	85.06	92.57	89.79	86.05	87.66	74	137	13	11
epoch_80_pred.json	85.06	92.57	89.79	86.05	87.66	74	137	13	11
last_pred.json	85.06	91.22	88.94	85.06	86.81	74	135	13	13
latest_pred.json	85.06	91.22	88.94	85.06	86.81	74	135	13	13

./work_dirs/_220204/220204_normal_timesformer_spaceOnly_2x32x1_220208T1528
total_data	237
each_label	101	26	48	23	39	
	sens	spec	accu	f1	cls	TP	TN	FN	FP
220209_epoch_100_pred.json	87.50	49.50	71.31	77.78	68.35	119	50	17	51
220209_epoch_20_pred.json	77.94	64.36	72.15	76.26	70.04	106	65	30	36
220209_epoch_40_pred.json	87.50	61.39	76.37	80.95	74.68	119	62	17	39
220209_epoch_60_pred.json	86.76	52.48	72.15	78.15	69.62	118	53	18	48
220209_epoch_80_pred.json	88.24	49.50	71.73	78.18	68.78	120	50	16	51
220209_latest_pred.json	87.50	49.50	71.31	77.78	68.35	119	50	17	51
220209_offset_2_test_0_epoch_100_pred.json	88.82	81.47	82.00	41.51	81.87	691	8178	87	1860
220209_offset_2_test_1_epoch_100_pred.json	89.04	81.08	85.85	88.29	80.70	1844	1123	227	262
epoch_100_pred.json	88.51	89.86	89.36	86.03	86.38	77	133	10	15
epoch_20_pred.json	77.01	91.89	86.38	80.72	83.83	67	136	20	12
epoch_40_pred.json	85.06	91.22	88.94	85.06	85.96	74	135	13	13
epoch_60_pred.json	86.21	91.22	89.36	85.71	85.53	75	135	12	13
epoch_80_pred.json	87.36	88.51	88.09	84.44	85.11	76	131	11	17
last_pred.json	88.51	89.86	89.36	86.03	86.38	77	133	10	15
latest_pred.json	88.51	89.86	89.36	86.03	86.38	77	133	10	15

./work_dirs/_220204/220204_normal_timesformer_spaceOnly_4x32x1_220208T1738
total_data	237
each_label	101	26	48	23	39	
	sens	spec	accu	f1	cls	TP	TN	FN	FP
220209_epoch_100_pred.json	86.03	61.39	75.53	80.14	72.57	117	62	19	39
220209_epoch_20_pred.json	74.26	70.30	72.57	75.66	68.78	101	71	35	30
220209_epoch_40_pred.json	80.15	81.19	80.59	82.58	77.22	109	82	27	19
220209_epoch_60_pred.json	87.50	59.41	75.53	80.41	70.89	119	60	17	41
220209_epoch_80_pred.json	85.29	61.39	75.11	79.73	73.00	116	62	20	39
220209_latest_pred.json	86.03	61.39	75.53	80.14	72.57	117	62	19	39
220209_offset_4_test_0_epoch_100_pred.json	94.26	92.31	92.53	74.43	92.06	837	6288	51	524
220209_offset_4_test_1_epoch_100_pred.json	91.53	81.21	85.50	84.00	84.83	454	566	42	131
220215_4_epoch_100_pred.json	94.33	86.07	90.27	90.78	89.45	8538	7545	513	1221
220215_4_epoch_20_pred.json	75.84	80.63	78.19	77.94	74.52	6864	7068	2187	1698
220215_4_epoch_40_pred.json	69.55	93.00	81.09	78.88	79.97	6295	8152	2756	614
220215_4_epoch_60_pred.json	93.71	84.84	89.35	89.94	88.44	8482	7437	569	1329
220215_4_epoch_80_pred.json	94.79	85.32	90.13	90.70	89.29	8579	7479	472	1287
epoch_100_pred.json	78.16	90.54	85.96	80.47	83.83	68	134	19	14
epoch_20_pred.json	71.26	91.22	83.83	76.54	78.30	62	135	25	13
epoch_40_pred.json	64.37	97.97	85.53	76.71	83.40	56	145	31	3
epoch_60_pred.json	80.46	90.54	86.81	81.87	83.83	70	134	17	14
epoch_80_pred.json	79.31	89.86	85.96	80.70	83.83	69	133	18	15
last_pred.json	78.16	90.54	85.96	80.47	83.83	68	134	19	14
latest_pred.json	78.16	90.54	85.96	80.47	83.83	68	134	19	14

./work_dirs/_220204/220204_normal_timesformer_spaceOnly_6x32x1_220208T2107
total_data	237
each_label	101	26	48	23	39	
	sens	spec	accu	f1	cls	TP	TN	FN	FP
220209_epoch_100_pred.json	83.82	61.39	74.26	78.89	70.04	114	62	22	39
220209_epoch_20_pred.json	3.68	99.01	44.30	7.04	44.30	5	100	131	1
220209_epoch_40_pred.json	64.71	75.25	69.20	70.68	62.87	88	76	48	25
220209_epoch_60_pred.json	75.00	62.38	69.62	73.91	66.24	102	63	34	38
220209_epoch_80_pred.json	81.62	67.33	75.53	79.29	71.31	111	68	25	33
220209_latest_pred.json	83.82	61.39	74.26	78.89	70.04	114	62	22	39
220209_offset_6_test_0_epoch_100_pred.json	84.05	82.37	83.05	80.03	77.04	2408	3481	457	745
220209_offset_6_test_1_epoch_100_pred.json	78.78	86.20	82.34	82.27	74.38	427	431	115	69
220215_6_epoch_100_pred.json	92.38	82.91	84.55	67.48	83.84	5640	24108	465	4970
220215_6_epoch_20_pred.json	0.48	99.14	82.02	0.91	81.97	29	28828	6076	250
epoch_100_pred.json	81.61	92.57	88.51	84.02	84.68	71	137	16	11
epoch_20_pred.json	0.00	100.00	62.98	0.00	62.98	0	148	87	0
epoch_40_pred.json	67.82	97.30	86.38	78.67	76.17	59	144	28	4
epoch_60_pred.json	74.71	92.57	85.96	79.75	82.55	65	137	22	11
epoch_80_pred.json	74.71	91.89	85.53	79.27	81.28	65	136	22	12
last_pred.json	81.61	92.57	88.51	84.02	84.68	71	137	16	11
latest_pred.json	81.61	92.57	88.51	84.02	84.68	71	137	16	11

./work_dirs/_220204/220204_normal_timesformer_spaceOnly_8x32x1_15e_kinetics400_rgb_220206T0432
total_data	237
each_label	101	26	48	23	39	
	sens	spec	accu	f1	cls	TP	TN	FN	FP
220209_epoch_100_pred.json	90.44	59.41	77.22	82.00	74.68	123	60	13	41
220209_epoch_20_pred.json	92.65	60.40	78.90	83.44	75.53	126	61	10	40
220209_epoch_40_pred.json	87.50	74.26	81.86	84.70	79.75	119	75	17	26
220209_epoch_60_pred.json	89.71	62.38	78.06	82.43	75.53	122	63	14	38
220209_epoch_80_pred.json	90.44	58.42	76.79	81.73	74.26	123	59	13	42
220209_latest_pred.json	90.44	59.41	77.22	82.00	74.68	123	60	13	41
epoch_100_pred.json	87.36	91.22	89.79	86.36	88.09	76	135	11	13
epoch_20_pred.json	91.95	89.86	90.64	87.91	88.51	80	133	7	15
epoch_40_pred.json	80.46	95.27	89.79	85.37	88.09	70	141	17	7
epoch_60_pred.json	87.36	91.89	90.21	86.86	88.94	76	136	11	12
epoch_80_pred.json	87.36	91.22	89.79	86.36	88.09	76	135	11	13
last_pred.json	87.36	91.22	89.79	86.36	88.09	76	135	11	13
latest_pred.json	87.36	91.22	89.79	86.36	88.09	76	135	11	13

./work_dirs/_220204/220204_normal_timesformer_spaceOnly_8x32x1_220208T2356
total_data	237
each_label	101	26	48	23	39	
	sens	spec	accu	f1	cls	TP	TN	FN	FP
220209_epoch_100_pred.json	91.91	54.46	75.95	81.43	72.57	125	55	11	46
220209_epoch_20_pred.json	91.18	58.42	77.22	82.12	73.42	124	59	12	42
220209_epoch_40_pred.json	88.24	63.37	77.64	81.91	73.00	120	64	16	37
220209_epoch_60_pred.json	91.91	59.41	78.06	82.78	74.68	125	60	11	41
220209_epoch_80_pred.json	91.91	55.45	76.37	81.70	73.00	125	56	11	45
220209_latest_pred.json	91.91	54.46	75.95	81.43	72.57	125	55	11	46
epoch_100_pred.json	88.51	86.49	87.23	83.70	84.68	77	128	10	20
epoch_20_pred.json	87.36	83.78	85.11	81.28	79.15	76	124	11	24
epoch_40_pred.json	89.66	84.46	86.38	82.98	82.98	78	125	9	23
epoch_60_pred.json	89.66	89.19	89.36	86.19	86.81	78	132	9	16
epoch_80_pred.json	88.51	86.49	87.23	83.70	84.68	77	128	10	20
last_pred.json	88.51	86.49	87.23	83.70	84.68	77	128	10	20
latest_pred.json	88.51	86.49	87.23	83.70	84.68	77	128	10	20

